$MeshFormat
2.2 0 8
$EndMeshFormat
$Nodes
153
1 10 10 -9
2 10 10 -11
3 10.30901699437495 10 -10.95105651629515
4 10.58778525229247 10 -10.80901699437495
5 10.80901699437495 10 -10.58778525229247
6 10.95105651629515 10 -10.30901699437495
7 11 10 -10
8 10.95105651629515 10 -9.690983005625053
9 10.80901699437495 10 -9.412214747707527
10 10.58778525229247 10 -9.190983005625053
11 10.30901699437495 10 -9.048943483704846
12 9.786330983529938 10.489646691498 -10.84533524054411
13 10.07732373189528 9.191931447894397 -9.41600834288173
14 9.626423271111376 9.426576034781746 -9.270873547492446
15 9.08099566619282 9.650918293030198 -10.18322935436952
16 9.990861237700885 10.99699514414669 -10.07692311467674
17 10.06531225175274 9.678438935974008 -9.055366318685673
18 10.94672351899542 10.31691661669638 -10.05725763392464
19 9.659132843827351 9.815768022470056 -10.92188294283937
20 9.443533424479641 10.42110214442211 -10.71625270281636
21 9.871380974187023 9.85608068153406 -9.018804618859617
22 9.625777886085556 10.20785592475185 -10.90374428020484
23 10.19855084980082 10.96892923844637 -10.14749132492152
24 10.13988704098692 10.986065269816 -9.909961678010786
25 10.85134044178001 10.376146399558 -10.36569569082691
26 9.850905282607508 10.02234803354412 -10.98857034683545
27 9.387009721847932 10.01572171567372 -10.78993401404631
28 10.3718801435314 9.686751341792625 -9.126169102755947
29 9.849960393043359 9.319608370034006 -9.282674867151224
30 10.57727506272375 9.6415570376715 -9.266329675729992
31 9.171636585839547 9.702051567850624 -10.47438463914862
32 10.33686266840543 10.72057663300026 -10.60604691122781
33 10.29359902705986 9.140134642192047 -9.582350412724605
34 9.176990427186078 9.982436733433159 -10.56775591121903
35 9.732192413451545 9.07405833727918 -10.2662914452717
36 9.977934603492059 9.060993728786228 -9.656808594370204
37 9.96326903978834 10.85715062372877 -9.486245540356775
38 9.234481300613657 10.24074688348569 -10.59667584078943
39 9.211095507137406 10.42343983926428 -10.4453407725159
40 9.997206949733279 9.128135433222957 -10.48973908979056
41 9.655113425957754 10.84406118372111 -9.589373686692236
42 10.00058928780069 10.64271606827868 -9.233895758844609
43 9.910973611371608 10.77179299757018 -10.62961088858868
44 10.12897575880653 10.54247793613607 -10.83011019897712
45 9.709226739073198 10.63764526095808 -9.286656161512767
46 9.065353289696381 9.889292511609286 -10.3379043931837
47 9.610612757325113 10.67962754085708 -10.62167835811664
48 9.722473395931894 9.204333589599797 -10.53841800433797
49 10.41999244773591 10.90751793849594 -10.00418749959821
50 10.45548382861291 10.51128169357713 -10.72878358357267
51 10.62348435539085 10.63467497241762 -10.4565686563591
52 10.71962467485883 10.55811626499427 -9.586906109845261
53 10.97779865743867 10.13654585797415 -9.841050277819555
54 10.68503984963914 10.727330174785 -9.958633089871118
55 10.35920955274053 9.472206595182692 -10.76967695759409
56 10.21943639086184 9.02511499498919 -9.961961895806954
57 9.742320950970981 10.95939240633575 -10.11475067911262
58 9.39914020915948 9.557113152141193 -9.334553719865552
59 9.841073807795912 9.013518838028338 -9.960032732060476
60 9.883598125730865 10.26985049044974 -10.95584063340636
61 9.654821551835438 10.85909754031914 -10.37789317953664
62 9.723966374955728 9.077553295626501 -9.730004601084779
63 9.497896657623688 9.341010420140679 -9.43997770829067
64 10.6858420726139 10.30310150331665 -10.66162688134617
65 9.424594043000006 10.8129553226597 -10.08950769803871
66 10.8483934784423 10.17884425709596 -10.49824014033432
67 10.56347150438585 10.80380863959078 -10.19076565378591
68 10.84540696441631 10.52581273120654 -9.906148861394632
69 9.490080633873866 9.139917611027391 -9.984491156436055
70 10.79273112802044 10.58049681591691 -10.18601291723363
71 9.291952609784886 9.401351713068218 -9.625448105380299
72 10.13759835798754 9.531145951152412 -10.87249216200397
73 9.438214521082127 9.270813649657512 -10.39074843845014
74 10.579542191638 10.37780105198799 -9.277921601743829
75 10.76367640346052 10.26329054183031 -9.410528676371529
76 9.407479083682631 10.6747204998 -10.44008091401021
77 9.894954159417066 10.97460781889905 -9.802250232068255
78 10.09482635715018 10.94012998495511 -9.672641521603726
79 9.128275094072535 9.517926889104965 -9.912243495182773
80 9.292563926623377 9.306406393846947 -9.864124646866808
81 10.32831821115327 9.707415392853694 -10.8981099041243
82 10.32439467079291 10.55634582797321 -9.234985348337718
83 10.33698500773767 10.28055100170975 -9.101260749716749
84 9.230151880600998 9.492903418920479 -10.38753958573968
85 9.471597377316808 9.210840674764945 -9.686921371320111
86 10.01452524201372 9.021209609252484 -10.20434869298522
87 10.10578240694866 10.42731590600144 -9.102107356718902
88 9.616171888219597 9.395360288730794 -10.69791604091279
89 9.227255904619089 9.379076877029926 -10.1316094161336
90 9.724205219731539 9.191443581617339 -9.480217586418245
91 10.31562627750305 9.106733061754946 -10.32008472314042
92 9.895719837023252 9.342214014587576 -10.74595123500437
93 10.41868394923375 10.24864619380377 -10.87342934514529
94 10.16057068212472 10.20342195807706 -10.965834645793
95 9.066023325468498 10.1588458986215 -10.32008678810942
96 10.53867081133978 10.79743056997718 -9.728084125001129
97 10.22694300825158 9.300438970404104 -10.67757747665964
98 10.2032988473848 10.80729858471199 -9.445979626932338
99 9.020669748636312 10.20191979235059 -9.988140142453165
100 10.90246688292909 10.29408632480673 -9.685251276765229
101 10.81429276182382 9.695583154234967 -9.505775676381862
102 9.685955940304547 10.19522132826612 -9.070879468766291
103 9.525422925662575 10.29754214438127 -9.171600776901423
104 10.00946377980545 9.796119751700322 -10.97895009128405
105 10.4712660980542 10.70564910289366 -9.470880345847807
106 9.292693255898916 9.777072091120473 -10.67083553661961
107 10.64406770260343 9.655387723616295 -10.6829488805385
108 9.092357232422529 10.38430719308051 -10.16879747572428
109 9.149974922496135 10.49173758970133 -9.811183924176794
110 10.32883543755678 10.89417877323064 -9.696171797703732
111 9.635822703606635 10.92284339598013 -9.87456091802204
112 9.360873392078988 10.00581970050562 -9.230920478667255
113 10.46395828321051 9.320072126446339 -10.56783870791375
114 9.216533409054371 10.58777901090844 -10.20173233555267
115 9.129030958641744 9.701884440940107 -9.609436250476458
116 9.153953343524048 10.00510710997704 -9.466915604717654
117 9.844761455697038 10.09520435487742 -9.016721237300901
118 10.95936250916631 9.717860032710096 -10.00454035943284
119 9.848882892904344 10.34475559135855 -9.073551295445853
120 9.246716950754827 10.50389215987644 -9.577321234345808
121 10.08292188970479 10.18352236835704 -9.020488131506101
122 10.67086572284815 9.492609829303957 -9.459172489061009
123 9.521630461105376 9.718150834622955 -9.168300756141976
124 10.89541002070926 9.62063825524255 -9.766921555205071
125 9.318582508563232 10.28870406752453 -9.327452482155488
126 10.74195533762554 9.404269961005133 -9.692415869056695
127 9.46435228180589 10.59223742136826 -9.398056183083076
128 10.87576225595782 9.734761746326106 -10.40334741827324
129 10.32029433817934 10.88655642688508 -10.33381018390548
130 10.71322226856687 9.461886152271859 -10.44916309120802
131 9.286251860225629 9.797384359625974 -9.32954456132831
132 9.265751017354694 10.67777924938636 -9.961351318449523
133 10.51764616009048 9.278186578832941 -9.540622336234462
134 9.779069897290373 9.542031582502881 -10.86107770746426
135 9.001510566030214 9.961917547017224 -10.03960526512362
136 9.495174847826597 9.667822348958836 -10.79674937959303
137 10.44336995685491 9.111360494515575 -10.11723016101189
138 9.032152179608854 9.767393921760554 -9.904265946862298
139 10.13271661692493 10.83645823110039 -10.53171790191455
140 10.71665467578502 9.818694066878651 -9.326550496109423
141 10.36399126047731 9.379023222213521 -9.305811118105412
142 9.10009839244168 10.23966758849209 -9.635669732604692
143 10.8397371233336 9.511435172741621 -10.23695141540281
144 9.369024002615904 9.547871659724587 -10.63043576567716
145 10.81075557046482 9.414883127439195 -9.982289821996039
146 9.990763333712016 10.95542995551391 -10.29507335376575
147 9.022915300760816 9.979152435666499 -9.788172547638334
148 10.65057663985526 9.287750543780088 -10.26353509783153
149 9.368577746206158 10.73284916817511 -9.746547767579475
150 10.56447170008754 9.183997456922883 -9.87545462878146
151 9.605452112108971 9.975685558663848 -9.081446369500812
152 9.845408186324191 9.509345325092138 -9.142469031967076
153 10.12066348529913 9.411267895137362 -9.20072856173921
$EndNodes
$Elements
314
1 15 2 0 1 1
2 15 2 0 2 2
3 1 2 0 2 2 3
4 1 2 0 2 3 4
5 1 2 0 2 4 5
6 1 2 0 2 5 6
7 1 2 0 2 6 7
8 1 2 0 2 7 8
9 1 2 0 2 8 9
10 1 2 0 2 9 10
11 1 2 0 2 10 11
12 1 2 0 2 11 1
13 2 2 0 1 153 17 152
14 2 2 0 1 20 12 22
15 2 2 0 1 29 13 153
16 2 2 0 1 22 26 19
17 2 2 0 1 20 22 27
18 2 2 0 1 152 17 21
19 2 2 0 1 16 24 23
20 2 2 0 1 25 18 6
21 2 2 0 1 10 28 30
22 2 2 0 1 14 29 152
23 2 2 0 1 15 46 31
24 2 2 0 1 40 35 48
25 2 2 0 1 38 39 20
26 2 2 0 1 23 24 49
27 2 2 0 1 31 46 34
28 2 2 0 1 41 45 37
29 2 2 0 1 37 45 42
30 2 2 0 1 43 44 12
31 2 2 0 1 43 12 47
32 2 2 0 1 50 32 51
33 2 2 0 1 13 36 33
34 2 2 0 1 60 12 44
35 2 2 0 1 67 70 51
36 2 2 0 1 33 36 56
37 2 2 0 1 59 62 69
38 2 2 0 1 61 65 57
39 2 2 0 1 18 53 7
40 2 2 0 1 66 64 25
41 2 2 0 1 71 63 58
42 2 2 0 1 68 54 52
43 2 2 0 1 55 72 81
44 2 2 0 1 85 80 69
45 2 2 0 1 79 89 80
46 2 2 0 1 56 36 59
47 2 2 0 1 18 25 70
48 2 2 0 1 70 25 51
49 2 2 0 1 80 89 69
50 2 2 0 1 59 69 35
51 2 2 0 1 22 19 27
52 2 2 0 1 91 86 40
53 2 2 0 1 25 64 51
54 2 2 0 1 17 28 11
55 2 2 0 1 77 41 37
56 2 2 0 1 77 37 78
57 2 2 0 1 82 87 83
58 2 2 0 1 73 88 48
59 2 2 0 1 82 83 74
60 2 2 0 1 31 84 15
61 2 2 0 1 73 48 35
62 2 2 0 1 84 73 89
63 2 2 0 1 10 75 74
64 2 2 0 1 10 74 83
65 2 2 0 1 24 77 78
66 2 2 0 1 20 39 76
67 2 2 0 1 63 85 90
68 2 2 0 1 66 5 64
69 2 2 0 1 92 48 88
70 2 2 0 1 1 17 11
71 2 2 0 1 104 19 26
72 2 2 0 1 64 5 4
73 2 2 0 1 60 26 22
74 2 2 0 1 65 111 57
75 2 2 0 1 31 34 106
76 2 2 0 1 91 56 86
77 2 2 0 1 60 22 12
78 2 2 0 1 2 26 60
79 2 2 0 1 93 94 44
80 2 2 0 1 34 46 95
81 2 2 0 1 62 59 36
82 2 2 0 1 105 96 110
83 2 2 0 1 2 60 94
84 2 2 0 1 72 97 92
85 2 2 0 1 75 9 100
86 2 2 0 1 107 81 4
87 2 2 0 1 105 110 98
88 2 2 0 1 99 109 108
89 2 2 0 1 100 9 8
90 2 2 0 1 101 8 9
91 2 2 0 1 100 52 75
92 2 2 0 1 102 119 103
93 2 2 0 1 52 100 68
94 2 2 0 1 126 124 101
95 2 2 0 1 28 10 11
96 2 2 0 1 52 74 75
97 2 2 0 1 96 49 110
98 2 2 0 1 125 127 120
99 2 2 0 1 71 85 63
100 2 2 0 1 67 129 49
101 2 2 0 1 52 105 74
102 2 2 0 1 87 121 83
103 2 2 0 1 83 121 11
104 2 2 0 1 131 123 112
105 2 2 0 1 108 109 114
106 2 2 0 1 45 127 103
107 2 2 0 1 125 103 127
108 2 2 0 1 119 121 87
109 2 2 0 1 55 81 107
110 2 2 0 1 81 3 4
111 2 2 0 1 5 107 4
112 2 2 0 1 130 107 128
113 2 2 0 1 110 49 24
114 2 2 0 1 101 122 126
115 2 2 0 1 65 61 76
116 2 2 0 1 10 83 11
117 2 2 0 1 113 55 107
118 2 2 0 1 45 103 119
119 2 2 0 1 91 97 113
120 2 2 0 1 8 124 118
121 2 2 0 1 124 8 101
122 2 2 0 1 131 116 115
123 2 2 0 1 131 112 116
124 2 2 0 1 112 125 116
125 2 2 0 1 40 97 91
126 2 2 0 1 107 5 128
127 2 2 0 1 20 47 12
128 2 2 0 1 119 102 117
129 2 2 0 1 119 117 121
130 2 2 0 1 80 85 71
131 2 2 0 1 102 151 117
132 2 2 0 1 117 151 21
133 2 2 0 1 133 126 122
134 2 2 0 1 97 55 113
135 2 2 0 1 128 5 6
136 2 2 0 1 121 1 11
137 2 2 0 1 113 107 130
138 2 2 0 1 134 72 92
139 2 2 0 1 135 138 147
140 2 2 0 1 53 18 100
141 2 2 0 1 99 147 142
142 2 2 0 1 141 30 28
143 2 2 0 1 99 142 109
144 2 2 0 1 54 49 96
145 2 2 0 1 67 49 54
146 2 2 0 1 82 42 87
147 2 2 0 1 119 87 42
148 2 2 0 1 113 130 148
149 2 2 0 1 100 18 68
150 2 2 0 1 118 145 143
151 2 2 0 1 15 84 89
152 2 2 0 1 116 125 142
153 2 2 0 1 88 73 144
154 2 2 0 1 142 125 120
155 2 2 0 1 69 62 85
156 2 2 0 1 122 30 141
157 2 2 0 1 55 97 72
158 2 2 0 1 144 73 84
159 2 2 0 1 61 43 47
160 2 2 0 1 126 133 150
161 2 2 0 1 146 61 57
162 2 2 0 1 33 150 133
163 2 2 0 1 20 76 47
164 2 2 0 1 115 138 79
165 2 2 0 1 149 132 109
166 2 2 0 1 115 79 71
167 2 2 0 1 76 61 47
168 2 2 0 1 35 40 86
169 2 2 0 1 148 91 113
170 2 2 0 1 35 86 59
171 2 2 0 1 41 149 127
172 2 2 0 1 149 109 120
173 2 2 0 1 81 104 3
174 2 2 0 1 54 70 67
175 2 2 0 1 92 40 48
176 2 2 0 1 127 149 120
177 2 2 0 1 44 94 60
178 2 2 0 1 40 92 97
179 2 2 0 1 81 72 104
180 2 2 0 1 13 90 36
181 2 2 0 1 106 27 136
182 2 2 0 1 150 33 56
183 2 2 0 1 78 110 24
184 2 2 0 1 54 68 70
185 2 2 0 1 110 78 98
186 2 2 0 1 16 146 57
187 2 2 0 1 126 145 124
188 2 2 0 1 145 150 148
189 2 2 0 1 70 68 18
190 2 2 0 1 77 16 57
191 2 2 0 1 103 112 151
192 2 2 0 1 128 6 118
193 2 2 0 1 118 6 7
194 2 2 0 1 16 77 24
195 2 2 0 1 136 27 19
196 2 2 0 1 8 118 7
197 2 2 0 1 9 75 10
198 2 2 0 1 126 150 145
199 2 2 0 1 34 95 38
200 2 2 0 1 62 36 90
201 2 2 0 1 111 41 77
202 2 2 0 1 19 134 136
203 2 2 0 1 71 58 115
204 2 2 0 1 58 131 115
205 2 2 0 1 116 142 147
206 2 2 0 1 109 142 120
207 2 2 0 1 85 62 90
208 2 2 0 1 43 61 146
209 2 2 0 1 136 134 88
210 2 2 0 1 102 103 151
211 2 2 0 1 41 127 45
212 2 2 0 1 79 15 89
213 2 2 0 1 15 79 138
214 2 2 0 1 111 77 57
215 2 2 0 1 93 4 3
216 2 2 0 1 147 99 135
217 2 2 0 1 66 25 6
218 2 2 0 1 118 143 128
219 2 2 0 1 51 129 67
220 2 2 0 1 3 94 93
221 2 2 0 1 15 138 135
222 2 2 0 1 95 39 38
223 2 2 0 1 105 82 74
224 2 2 0 1 82 105 98
225 2 2 0 1 42 82 98
226 2 2 0 1 14 63 90
227 2 2 0 1 106 34 27
228 2 2 0 1 20 27 38
229 2 2 0 1 152 29 153
230 2 2 0 1 65 149 111
231 2 2 0 1 153 28 17
232 2 2 0 1 50 51 64
233 2 2 0 1 38 27 34
234 2 2 0 1 137 150 56
235 2 2 0 1 32 44 139
236 2 2 0 1 37 98 78
237 2 2 0 1 79 80 71
238 2 2 0 1 112 103 125
239 2 2 0 1 32 50 44
240 2 2 0 1 98 37 42
241 2 2 0 1 1 21 17
242 2 2 0 1 94 3 2
243 2 2 0 1 52 96 105
244 2 2 0 1 96 52 54
245 2 2 0 1 46 15 135
246 2 2 0 1 143 148 130
247 2 2 0 1 95 46 135
248 2 2 0 1 58 14 123
249 2 2 0 1 14 58 63
250 2 2 0 1 137 91 148
251 2 2 0 1 139 44 43
252 2 2 0 1 136 144 106
253 2 2 0 1 123 152 21
254 2 2 0 1 101 140 122
255 2 2 0 1 86 56 59
256 2 2 0 1 95 135 99
257 2 2 0 1 131 58 123
258 2 2 0 1 42 45 119
259 2 2 0 1 128 143 130
260 2 2 0 1 91 137 56
261 2 2 0 1 29 90 13
262 2 2 0 1 153 141 28
263 2 2 0 1 90 29 14
264 2 2 0 1 73 69 89
265 2 2 0 1 69 73 35
266 2 2 0 1 129 139 146
267 2 2 0 1 5 66 6
268 2 2 0 1 150 137 148
269 2 2 0 1 139 129 32
270 2 2 0 1 53 100 8
271 2 2 0 1 139 43 146
272 2 2 0 1 53 8 7
273 2 2 0 1 114 76 39
274 2 2 0 1 118 124 145
275 2 2 0 1 6 18 7
276 2 2 0 1 123 151 112
277 2 2 0 1 151 123 21
278 2 2 0 1 114 65 76
279 2 2 0 1 64 93 50
280 2 2 0 1 141 153 13
281 2 2 0 1 132 65 114
282 2 2 0 1 10 140 9
283 2 2 0 1 144 136 88
284 2 2 0 1 111 149 41
285 2 2 0 1 148 143 145
286 2 2 0 1 13 33 141
287 2 2 0 1 117 1 121
288 2 2 0 1 116 147 115
289 2 2 0 1 138 115 147
290 2 2 0 1 1 117 21
291 2 2 0 1 146 23 129
292 2 2 0 1 23 146 16
293 2 2 0 1 23 49 129
294 2 2 0 1 122 140 30
295 2 2 0 1 140 101 9
296 2 2 0 1 140 10 30
297 2 2 0 1 108 39 95
298 2 2 0 1 33 133 141
299 2 2 0 1 133 122 141
300 2 2 0 1 39 108 114
301 2 2 0 1 104 72 134
302 2 2 0 1 99 108 95
303 2 2 0 1 152 123 14
304 2 2 0 1 93 64 4
305 2 2 0 1 109 132 114
306 2 2 0 1 65 132 149
307 2 2 0 1 19 104 134
308 2 2 0 1 26 2 104
309 2 2 0 1 88 134 92
310 2 2 0 1 104 2 3
311 2 2 0 1 106 144 31
312 2 2 0 1 31 144 84
313 2 2 0 1 44 50 93
314 2 2 0 1 129 51 32
$EndElements
